4895
3720
5240
1819
2686
169
1468
8823
7853
679
4911
9994
4746
1254
9664
9852
9488
1355
7176
4467
5674
6584
8369
3674
9696
2821
2464
9641
2117
2794
5129
1705
6120
5553
4862
7846
7447
8206
5166
4238
7172
1373
6356
1184
3748
2421
8621
3461
4038
9107
959
5900
4894
6418
1707
8814
3025
6713
4998
768
9151
4018
6496
7102
3448
2265
7102
1433
7026
5400
331
5365
5450
8413
4263
5735
6753
2511
2658
6064
2973
9631
2914
4987
5431
583
4388
228
5417
8507
4268
811
9573
5587
5872
5789
351
3015
6556
44
6234
8049
3224
5060
9732
546
5866
228
4298
1259
8103
369
5376
4936
5859
6243
4692
5048
2124
4130
1905
933
631
1196
8127
9579
252
5540
7631
9683
1408
8719
6511
7530
4851
2204
2583
1100
2115
7035
5052
1051
9357
7269
2193
8232
1317
595
2448
4933
6553
7880
8563
696
2814
2479
2038
9559
5574
2600
9847
6488
2715
4609
2549
9177
4141
8016
885
991
600
3239
9003
4258
867
3937
5725
8502
7675
4885
601
9107
1552
3980
4568
7354
2543
6694
5984
5406
3360
5755
7941
3452
2422
5564
4543
1153
6848
6836
8530
3812
6475
8671
2994
3448
2045
7458
2857
2639
8969
3674
1755
240
7007
1815
6324
9927
9911
5609
4211
2288
4519
1536
5048
8142
960
3227
8081
4198
7056
655
4292
8013
3287
1382
3126
6894
7693
3307
6239
1096
5362
9038
2459
820
5954
4210
2869
6472
9646
532
2477
1099
9618
2545
685
6578
6901
1516
7210
1650
8125
7685
3119
3866
9128
735
1038
7381
2145
1913
3895
5097
8584
9733
190
2562
4730
5305
7661
3243
5823
3845
6632
5921
4636
5544
2103
1218
5198
5657
8356
8736
4531
3714
7297
8202
9195
1567
2017
8372
4389
6010
5457
4569
2321
1431
7500
671
6
6083
5353
3366
9182
280
7091
7428
9325
9996
2606
659
8834
7852
2595
3066
9695
2815
778
7142
7222
2934
2471
8520
8047
3001
4933
7116
2993
8656
5167
4723
8557
3718
1138
1754
4868
9332
9942
468
7533
3335
3792
4595
9427
5679
3192
881
9178
6195
4994
3956
2020
2672
403
6371
4003
7622
250
3556
4964
7739
5105
5197
8205
1584
4783
8583
5632
6974
3743
6733
5726
4697
2328
5483
4724
4685
7115
254
2590
1816
2021
3076
7180
4625
3560
8255
7071
6545
1168
5105
2721
3196
1883
710
490
596
2896
1273
2143
1261
61
7393
6038
691
8347
8958
4027
5056
6055
7341
6345
316
3787
8088
7197
6062
3430
2802
3736
4301
4947
9486
4306
3942
2235
5882
3036
3069
4286
212
4828
2069
3702
220
9147
1871
302
6794
9182
9024
8561
693
2126
2415
2435
9375
6260
2563
472
2507
7687
9924
113
2190
5680
8445
3156
4115
1688
7077
3469
4637
4495
6693
2912
6622
1429
907
4452
2977
3231
5613
2605
512
8772
9641
2640
8185
4417
6407
9548
5237
6582
3536
9083
6743
9470
3211
1316
7414
5397
389
5517
9581
5442
2261
5502
3839
6825
1379
2087
5555
7187
9348
3701
6548
9859
3214
9203
6771
2553
2844
2410
5525
8297
4383
3687
5622
2056
4779
2469
3809
1692
2355
8717
6542
3552
8470
8117
9932
3895
1629
7616
6151
8347
7818
8429
7943
3684
5820
1649
1995
7229
6188
6955
8924
6116
1777
7458
5451
7564
2838
6930
2910
9833
3867
3349
7682
4794
4546
4048
3700
1589
567
5588
5087
9399
544
929
1276
106
7703
5831
7726
9338
9551
5108
6155
6240
478
911
930
8291
47
9328
1356
4196
8939
6350
6805
2281
9137
2834
8588
3484
8957
6420
6689
3185
1814
32
1377
1499
457
7075
8500
3243
5110
7930
9776
6212
703
4051
8985
3556
4677
8788
3099
4007
5822
6308
7285
3234
9528
1538
1128
8552
6843
9196
1658
6417
9547
9528
7948
6763
3820
3967
6178
5300
4340
6246
5301
627
7986
6685
9724
7999
8712
9355
1451
1736
7176
6061
9504
2008
1266
2912
4283
2482
4630
2719
1647
3212
157
8371
4204
6547
3519
8891
6709
5539
8210
9784
7606
665
8960
9734
2809
6590
3482
3951
7391
6565
7886
6120
4479
6206
1360
7826
84
7157
2697
2685
6900
5364
8186
4207
8273
9294
3957
8777
5328
377
351
1026
218
3284
6993
6222
2142
5135
6948
872
38
3985
5048
7096
8122
6557
8995
3802
2245
3788
3635
6569
4068
482
9083
6469
7393
1850
776
2623
5101
2571
3480
8618
2506
9358
5048
5457
9114
2704
7772
3166
8151
4555
795
346
8197
8126
9060
7782
9012
5734
6125
8269
4011
201
8839
2534
1453
5791
2358
7807
6082
387
5975
4499
1475
6314
7586
1852
8007
9493
3618
1050
8506
4848
6973
5618
8632
5384
6336
3815
8408
4518
8924
1965
1354
3143
1167
9780
1488
7842
2196
8812
1612
1212
3639
4297
1137
944
2645
1882
2732
7453
2452
7296
6653
3580
7087
826
9756
5709
5788
7293
8392
8204
5377
5557
3266
4319
6310
7052
8928
7590
8333
3860
8184
1865
7587
5508
5103
4288
8363
9991
4725
8569
4099
9051
8939
8911
6221
6563
8344
2176
2261
880
2190
7963
8909
7402
1983
9890
3212
4513
101
8577
3274
2534
7947
3516
7445
7813
8205
4446
7791
4921
6210
307
8280
7487
7600
9042
4741
4529
4233
1511
6764
1305
75
4295
2227
3388
4277
8578
1921
4824
112
1831
9396
1492
6946
1424
4325
2862
4527
9138
6645
7818
124
3535
2148
2978
3248
2318
2741
7633
5987
2880
1580
8304
9641
172
9636
5432
4864
6502
4150
6453
9142
4987
3931
4586
6703
7329
4594
1500
6218
1436
4953
9459
9325
5653
4720
4282
5836
1001
1789
6977
3981
2665
4669
2869
7165
8302
9739
4427
9466
3388
9530
1457
8065
4086
9431
4691
8788
313
3575
8554
8946
5402
2579
6281
6066
2207
7653
2996
1976
8351
3114
1790
3358
3776
4066
7361
2068
4359
8011
9013
1030
6862
2136
9637
4853
9444
8063
7512
3670
3249
5188
1761
7329
8565
9808
8727
5935
6265
8716
1010
3456
3936
2856
7120
8992
8038
9461
8521
987
4996
6650
7341
9008
64
9398
4883
1978
2896
1546
6674
5848
1607
5795
8096
2246
1071
5665
1312
5274
6386
3723
2295
7485
759
5616
2205
2899
2889
3410
5461
355
6433
6822
9250
2219
1957
5920
9910
5294
811
7567
9059
2732
3750
5684
2127
4157
8911
9071
378
3074
9578
9158
9434
9559
6918
4604
1935
4044
2719
6420
6792
1330
4589
8874
6852
2291
1327
4891
2740
3596
9058
9059
7483
7624
3407
6683
4401
3090
9067
6969
7735
5709
8751
444
8988
4209
147
5054
3222
2942
1431
6859
1751
6676
9108
2848
3830
1699
1229
4770
8553
7267
8490
8767
4358
1537
8424
7943
2601
9181
5502
3341
4744
3187
8033
7872
1430
1225
247
4858
2117
4966
1868
196
2761
1013
3296
176
4435
4312
821
372
4842
4655
4215
738
2530
6764
582
1221
4281
275
3702
9494
6438
5623
7461
2472
980
861
5425
2992
4736
1871
6665
1393
9221
425
5090
2281
7934
4290
8293
4621
5194
8570
632
6836
5129
4402
282
8583
6067
9568
9969
3604
9818
9712
4479
6459
5762
3644
304
4683
2245
413
4589
543
3871
6577
2009
9246
6549
2463
8167
8666
8636
6264
7530
5626
696
2763
3465
2393
5252
7292
5731
9528
9036
8211
2624
8398
5733
9635
5208
7487
2643
1031
1349
2626
1508
8644
9882
7128
5323
5470
8920
6389
4070
9995
5559
2040
3554
9460
1351
9099
891
9276
1153
8150
1344
2226
8838
8001
4277
1458
4055
9879
9123
8450
8577
5666
203
4969
8093
2919
960
2019
8844
8585
2995
2846
3893
3399
8190
2350
5323
261
324
1709
3373
3381
3969
1096
8042
1497
5426
8494
2500
1488
3423
8126
5939
7361
108
8068
4024
5876
8953
1027
7701
997
3050
5081
9315
4401
2162
3888
2682
9671
5917
6706
9530
6088
7908
282
2885
5334
6790
9532
1745
5164
5225
270
5068
707
6545
8430
9803
7098
6214
8448
3667
5541
9589
6203
5016
1655
199
8128
3251
6946
7923
2509
1344
8674
4437
8899
39
9026
9433
9624
8902
7461
2738
9475
7055
4361
4866
5609
2949
4044
2622
9500
2977
4300
555
7362
9184
2
6545
3188
1877
3083
7141
4823
8807
7800
1102
4144
3693
9641
98
4992
3951
4630
7395
938
9824
8042
3942
2650
7064
8376
4111
512
6322
62
3360
9249
8197
5269
8224
5342
5060
4500
2852
9428
3229
8487
9219
9991
4233
9878
5157
3746
2330
911
1788
1748
3602
4501
3828
3144
4527
7706
9751
886
3739
3113
5895
9411
3154
1397
7846
7143
5636
8551
5337
2129
1861
3149
304
8718
1341
9358
6841
5095
1053
708
1075
324
1907
7303
7056
6909
5756
3100
4442
8488
5527
8547
766
4612
864
9192
5881
5341
2705
9804
6587
7438
7036
9913
5103
6797
4444
7311
3894
1492
563
8222
3034
8557
8174
887
5186
9634
1410
1339
4034
4557
9116
6831
8849
2196
2325
2678
3697
6514
7212
7272
459
9479
331
1777
592
6543
6672
160
6928
3930
9063
8192
2744
5482
3831
6330
3155
3717
4079
2987
2490
9764
7617
1892
9786
9581
651
6521
7837
8150
4085
9778
3966
1289
7436
9241
731
142
3161
3165
8321
3262
4641
94
1121
5345
4490
6679
1797
4555
3363
2689
3380
3622
6816
3266
281
8731
9096
6324
3955
100
5382
6503
6224
2078
8654
15
4511
140
839
8202
9929
322
3050
7551
3733
6162
1763
8361
2144
859
1803
8289
7720
6734
6238
973
3585
5154
8735
558
685
5647
2993
1645
9255
8296
4670
4606
7568
3546
8158
1498
408
2586
6610
2628
7207
5377
5683
9141
7627
1585
2667
2141
8962
1531
3127
43
3940
8490
8510
1483
7818
1618
260
6386
3724
2123
4594
3331
4535
3169
2925
9578
8368
6635
2504
1207
9650
4042
2744
789
1326
9877
5655
9447
2978
6145
2922
7690
846
2584
1391
5716
6208
365
5918
9518
4137
9848
3335
7485
7818
5209
6902
4680
5735
4408
2067
4670
5993
8523
3230
6062
757
5236
3405
6398
2409
2048
3709
8403
4033
6896
8512
2297
9518
9912
4000
9035
9323
9502
9617
6002
2520
7340
8689
1145
5842
6978
9781
7105
7400
2702
9888
4153
60
7038
6881
1076
29
4351
4104
4023
6290
3478
9596
8391
8672
9752
1241
3343
1734
7224
4076
7812
4838
8096
6474
5998
5244
5790
4880
8665
1996
392
1187
3015
9562
2560
6791
2785
4720
5523
1377
7397
1591
8482
9884
5727
8697
4225
8729
7252
5713
9517
8066
3370
5897
5723
6800
438
6165
9729
8122
9997
501
9941
1713
3900
9995
4772
9601
4361
3513
8980
7799
5799
9276
1599
349
5870
3608
1557
2643
6221
5150
7002
467
8923
3985
1519
291
3737
3097
916
9758
4913
4236
82
3759
6433
2584
7494
558
3611
4000
6009
2819
555
9317
785
4412
3973
6850
7951
2899
5845
1567
9538
5193
9166
8274
3330
5081
5075
7906
3110
6680
6183
6983
7943
944
9747
2064
5215
4433
853
2326
8474
6747
7146
2273
8942
6158
8618
1447
9938
9478
2672
5796
5400
683
524
5218
2507
4475
5060
8527
1279
7426
6549
8249
4274
4620
4470
9280
5522
2057
1199
4123
8462
8412
9242
3144
6027
4125
3469
8169
9270
7987
6069
6147
9020
2421
2796
9964
7011
8716
7474
9890
4340
9727
4990
7456
7439
2934
1509
185
7782
3015
1938
1860
6773
7264
9134
5951
2223
2437
7011
583
9745
3636
9345
3793
7463
309
5881
5216
2487
986
1259
2406
5414
7468
6646
2397
260
7328
6987
4742
6217
1235
886
4819
3124
9168
3773
319
5898
9622
9508
2146
2397
9032
105
9808
1969
1855
5071
3324
2767
2989
1352
2510
9151
2587
1182
7086
9389
2533
8589
6205
8736
8728
1429
4077
4971
2727
1312
1394
1725
2617
6895
2770
5387
2114
1394
9592
7796
4900
5597
6521
7219
2101
3407
2499
8946
9363
6155
9059
2322
2009
9678
1901
3102
8838
6218
8486
2601
5390
350
9051
8355
2378
5549
5964
5044
5460
6559
6277
9984
2306
5901
2956
8309
1748
2062
1208
4195
1994
6063
4219
8092
8167
9469
1753
8172
2291
8469
1473
1632
4802
851
4143
4323
9616
4942
36
4198
7462
3887
832
9600
6505
6824
441
5817
6520
1130
398
8135
2849
9944
4529
3125
7117
618
1352
7173
1325
4180
7291
4716
4865
1784
7887
8027
627
4171
3510
2370
4277
938
6953
7603
314
2521
4327
6695
3569
9769
7028
1332
3973
4445
4077
2422
4513
610
3058
5642
3915
5181
1204
2571
8488
2926
7737
8097
5371
2597
6245
6049
9652
8954
8041
6659
278
8239
7113
2488
9140
6694
642
8035
9267
1415
4003
8860
8570
4272
8637
5682
2961
395
5461
433
9466
8898
2407
2089
3288
4745
2547
6844
7971
8766
3069
1664
5790
6549
8164
6798
2710
1876
4803
2061
2787
4350
6725
3460
4803
7782
3917
2416
704
4365
6434
1278
2629
891
1617
6667
5565
7722
5106
3138
9309
2518
9064
9541
4098
8962
5845
8543
8031
2324
252
2551
7843
841
6839
4483
4991
2415
1534
3564
549
5377
7369
5196
3085
4154
2588
9875
5400
5906
1335
9146
2165
6094
4829
1802
5382
953
9597
1644
573
5523
6193
6614
8115
2276
7959
1907
5521
1755
3156
6837
8681
3997
8020
2760
838
5573
4085
3431
1530
6099
7463
8456
5973
477
5567
4969
4427
2865
7265
5180
6579
2245
2456
1151
5019
6059
9052
213
2707
6525
9454
453
4549
801
1691
4811
6593
7417
3184
6184
5806
204
2336
6106
3120
831
4105
3126
4436
5698
166
1677
4748
4766
1303
3057
1752
2616
2616
9374
4768
8335
2356
9032
5510
8559
9659
420
7254
1270
9946
7555
1972
8777
9550
1488
1950
6944
8652
6633
3845
320
8570
7756
5827
1545
9938
9959
9274
286
4714
5187
4371
991
1553
2049
8314
8063
6811
2294
1332
3464
724
7518
267
121
7939
3747
6943
9063
3214
9748
2929
5749
8508
2396
371
7411
1748
6088
4605
8404
4786
1442
4806
2604
115
1232
7501
975
8676
5563
500
6742
2081
2153
7656
2625
4031
4368
1021
5353
2511
8238
842
7492
9457
6645
4569
4511
7018
2451
6037
8128
153
1527
8726
2662
7293
7316
1160
9546
7589
8064
3127
6140
713
2679
9908
2386
1032
8521
966
4496
5739
4437
2212
9968
9726
5212
6425
2498
6730
7997
86
7645
5298
3207
6196
4816
6991
3062
955
759
2758
3367
1380
249
6553
5453
9641
5042
9966
6660
9032
2161
9431
2515
2401
5139
4347
9641
5777
9707
6821
5510
5405
4647
6938
9255
5295
9817
7313
3784
1370
8308
1748
4760
8583
5789
6740
6852
4904
5198
3718
3070
6874
6550
9400
2912
6519
1691
1138
7810
3879
6179
3973
2214
2757
129
4520
8643
3208
7505
4245
8847
9825
676
2255
9465
1600
410
2597
8880
6865
2777
2260
7065
1379
9878
8169
6514
3121
1444
2707
2950
1860
2670
8583
1544
1808
6053
3398
3924
1535
5511
1329
5170
8970
6813
4032
6575
5188
3397
4607
2011
7898
5826
2090
6169
3917
8900
2321
1240
589
6009
6807
5896
9729
5612
4983
46
2307
8581
2920
4877
5081
3205
3493
9818
5431
709
1350
8029
6084
963
3266
66
9641
7461
8764
7321
3292
4143
1625
4428
4889
1741
7912
8255
4988
8669
7113
6569
8779
5186
8234
9791
2657
2329
357
3379
8230
2182
3263
5969
9101
5968
8093
2541
4334
329
1317
5979
3671
8512
9562
8746
5254
5942
1155
6919
3984
4266
7473
8727
2530
4048
7411
2943
4686
8638
8295
2462
4314
1453
4297
1952
9835
5420
3433
3957
9296
9672
2157
5947
4988
4507
2724
1015
8448
62
5977
7072
1732
6689
570
7746
3550
5072
5274
6811
6732
6434
2591
4974
2981
5794
9450
2772
5886
1745
914
5551
5217
2635
2100
8830
3806
7272
3025
1455
163
159
1073
3524
1876
2609
1266
9214
3737
4233
4832
4133
9803
4718
7068
1411
9735
5921
7734
2125
446
9003
7126
3927
5173
6022
9207
9418
2092
5475
3454
9181
5461
3060
9611
9517
3294
2959
597
4435
8477
752
5755
6323
7979
4453
2946
7676
8918
6869
9345
9785
9324
5254
1193
5361
9675
5951
6691
4176
566
3139
2645
3010
2791
1090
7294
6361
3305
5216
2608
4455
2900
7340
1349
1685
5755
3270
2719
5787
9512
3008
5077
1794
3322
8589
4560
1675
1979
7634
4716
710
1185
9370
6558
61
540
389
270
874
941
5443
2534
5696
2396
8577
7628
2616
1380
6849
2276
679
7230
4167
4966
7297
8651
4566
4648
3729
8447
4867
4293
1509
7961
3872
2417
1149
3430
4175
1683
5652
9334
6527
311
7371
6864
4827
505
2189
8716
9130
6307
1891
9463
5347
8346
1758
1586
9172
1682
8620
1403
6680
4311
9350
425
8277
8129
8068
790
4023
5402
926
8869
2535
2428
6082
6205
2151
5776
5475
8689
3756
1080
9237
4411
7023
9276
7776
964
8363
4872
6824
3412
4540
4240
7674
5320
1814
8011
2702
6933
7273
5335
6449
122
5991
985
8468
2669
2821
3889
3913
1249
1784
9829
2059
5599
3039
3276
9834
2066
8809
2634
7154
9008
4721
1700
8115
9953
9515
5811
1258
4720
5723
2836
3051
9866
5548
228
741
8419
7779
2521
1489
4399
8706
2953
7717
4766
7901
6801
2113
2103
6549
5438
3405
3462
2969
6264
6590
8773
9949
6591
1660
4824
2013
9528
2911
6498
9912
4143
3218
8151
1324
171
6438
686
8818
5351
7706
4964
1793
1878
262
9802
156
2816
4965
7939
4756
2731
4355
5879
8796
5202
2460
8090
7859
3908
2130
6947
5017
2577
3780
6316
2398
979
2084
1612
8630
1006
9128
8323
1722
1519
9076
2864
3487
4862
6411
4128
3885
886
6287
3530
2437
7046
8954
5127
7763
619
6257
9029
5951
1679
5543
422
5005
6773
3755
7517
1261
5480
7460
8108
2517
9665
1018
5147
2211
7900
189
6165
2932
6895
2886
1924
4135
7399
8858
2090
4602
2815
9273
9095
7861
4930
7115
1364
5495
31
4270
5530
4139
4218
9567
5850
5995
5354
7309
4903
2660
4505
6131
9127
1907
6373
5874
2598
6981
7752
4968
8595
8996
9465
314
1782
9937
6083
7788
5595
1646
1289
4455
5465
8891
4838
2475
7038
1941
2506
8762
9753
1883
6396
9362
8389
3317
835
7552
2892
8035
6881
1548
5526
7208
9581
3924
2930
6493
6778
4882
2739
4800
5897
7339
403
1999
6770
9304
8826
1118
784
5960
6795
9788
9042
9728
440
3432
7437
9661
1621
143
737
8440
8542
8568
4713
1125
2228
3983
1504
706
5727
8570
5557
7980
3298
1733
6232
4183
7524
8166
2781
7731
2093
8485
3253
5614
9611
8115
7947
5697
7476
5382
8785
9469
3012
1260
7224
4322
4427
4414
6505
1970
698
6871
3995
5398
7358
8111
6547
9595
3815
1914
8997
3315
6766
4377
7554
58
1442
7457
9188
7865
7903
7054
3046
7739
1724
9679
8313
5733
5988
7878
9913
8728
6258
2973
6895
3992
186
592
249
4974
5429
8824
343
9023
5877
2357
5045
1296
7061
9705
4920
4371
566
4924
3619
2576
1907
1228
3141
8622
3209
3168
2923
4606
5679
9467
27
1628
9385
9057
7610
6954
1172
3577
8240
3079
7975
5957
8109
7736
5477
1911
769
6869
7310
3814
1122
1380
32
5031
9332
8199
4936
7115
2445
3271
6061
2897
6750
6132
1210
3012
7686
6126
9595
9807
3512
9999
3339
2554
1589
9222
733
3036
264
7516
5038
6108
3210
8060
4671
6780
2070
725
7244
633
7129
6357
8684
2191
9707
439
296
4546
7986
3005
3137
6989
4743
6048
3073
2583
5190
9087
2537
6179
238
1369
7419
7139
3099
5809
7549
494
3132
9352
1910
3598
1401
987
1064
8308
1894
9258
6171
261
1132
5789
7341
6888
6567
3795
6618
1095
66
3860
6348
1308
6545
405
8850
7051
651
5292
2103
7417
2384
4721
4566
8022
2913
1399
6910
8068
5070
1645
1942
7606
5926
9007
2723
6820
1267
5138
4210
6848
640
7714
1374
3273
1116
6231
2924
9643
4225
2367
945
2120
5975
8834
4461
2738
9326
7918
4598
720
2051
9452
7324
62
1072
3547
6304
1900
3277
6963
6684
1215
9660
8590
1050
8207
522
5799
3904
5478
4661
3417
7491
1908
8474
8790
9164
3848
9036
4765
2109
2803
7314
9050
3901
1251
9111
782
5638
2525
6299
101
2614
7629
9495
4098
6998
6398
5066
4195
7490
2758
307
196
1143
8527
9129
566
6342
3495
4619
4606
1016
9021
9792
8312
8026
8638
3603
806
5555
4891
8374
1800
7600
2503
2028
3822
1486
3075
7388
2089
7256
2371
3863
314
2911
970
5379
9709
7036
5687
627
4057
4312
6962
82
3517
8062
2457
2381
7589
9458
1420
7112
7995
1023
2320
2853
2139
2175
7
710
6916
3939
4960
4767
3965
727
6785
5965
3912
3029
5860
4108
8748
249
6937
3969
5836
7352
2400
2340
6267
4854
566
4588
9633
2740
5907
7846
9112
3002
9435
4429
4541
1942
5343
1940
4631
8985
1045
3295
1199
1820
6814
5953
4642
6113
8909
4267
7922
8147
335
4312
1418
6768
2618
3254
8345
7316
9278
8532
1683
6329
4382
8257
9604
6349
6500
1038
9671
3783
8967
6317
3007
9770
5913
7446
8130
7510
7960
9082
2031
3412
2869
5306
8586
1367
5096
865
5102
8209
9518
6406
9838
2133
8381
7185
9436
5056
7288
3956
9171
6157
5886
8914
8534
4439
5970
1825
5401
6362
4798
2386
4001
1137
3620
6967
1965
1426
9528
9797
5037
5829
2857
2181
8057
4152
6786
5869
5728
2737
3089
576
9245
3835
273
1733
2980
3264
3971
3045
952
7878
2252
9631
1252
2968
2266
945
4715
1438
3064
4940
4
6785
7985
1237
3217
8889
202
5919
2805
3666
291
9805
876
8475
3793
6582
454
1629
1453
2137
3549
469
8315
363
8839
6609
8701
3891
5403
2865
3851
2113
2441
1538
9001
1351
2670
3258
5588
7592
4847
6227
844
9190
7964
920
8898
8881
409
9533
4946
4836
4472
7844
7254
3539
9729
2287
3522
2868
3356
1267
6383
4802
784
8307
4996
6646
9708
3930
6772
5440
9864
4000
284
9179
544
6912
6265
6934
9664
6655
8141
8260
6440
6029
5166
8078
3557
7894
2716
792
2112
7397
4736
9576
9320
9456
6021
7152
6320
2300
2721
79
2455
8595
6251
6072
4968
9168
840
2773
5888
8081
6896
2179
4274
1354
7901
8526
917
7029
9735
4284
2777
2675
4250
8958
3438
2457
8420
5564
1334
2715
172
210
762
3766
334
284
6386
1423
5830
1824
745
6801
8802
5020
9560
2128
6157
6164
8720
347
8876
7177
2938
314
3778
4375
1988
2797
3388
2759
2908
9485
7916
5246
9739
3765
3290
1446
3801
6320
3459
1389
6205
9525
9314
1168
1787
8009
5439
7394
7444
2544
5017
1672
4717
531
8175
8
911
6254
7656
8907
9909
4454
6987
2776
3776
3835
1574
7651
7840
6577
1977
319
2844
7666
285
790
9069
7807
6873
8484
8303
7718
5039
9470
714
5998
3999
6079
3184
1983
4191
3425
2380
9120
4372
3800
7116
8583
3503
713
7447
8482
3320
8720
2903
8181
1259
7573
7038
1616
493
2055
9693
4220
4307
1765
8917
4586
4286
6321
1353
418
5306
9273
1959
1971
4547
3754
2887
3158
5501
5452
1972
8040
2088
7692
2881
2101
9167
1702
8781
8217
9208
9451
6931
1701
4614
4231
6878
7982
15
8518
5150
8291
2678
2868
151
9676
8740
1610
3547
9862
8886
137
139
2742
4249
8651
363
6023
1657
2008
3311
4398
897
6754
1331
2780
7844
9348
5588
6502
7987
7509
6504
4175
196
3245
6283
3747
1958
3119
7811
8566
8199
7606
5674
4114
1212
8688
3113
2379
7681
9813
3146
4519
9836
4480
6566
3388
283
8452
5213
1495
3418
9276
3319
6791
974
3352
4126
3515
8698
3474
7897
2029
8883
2660
2422
1342
8775
2342
8252
8175
2540
3274
7859
6871
9029
3839
9005
2987
51
6080
8583
1252
5928
61
4370
1831
6413
9934
9362
7292
5772
8333
8289
5427
223
4337
1683
4928
2534
6367
8426
6472
439
3656
5911
5196
7741
795
132
5217
6808
7768
9789
2510
2944
1262
2882
1997
532
6334
3375
1413
8387
5019
9046
4929
4284
2072
2394
8686
7691
1878
6579
2208
5176
6278
724
4876
162
6299
9667
294
4494
2991
1394
9081
5086
8939
4644
32
7239
5675
5415
4644
2857
9724
5200
5873
1264
8389
7873
9313
7329
992
2520
7164
2746
1619
2598
8799
8159
4886
9146
3200
8059
4254
648
1817
7456
5031
2075
1707
9966
3757
7554
4766
6662
1145
8703
2369
5837
9466
6575
3437
3551
1118
7769
4051
1094
8838
7398
148
4241
1801
7917
7003
5430
6181
1061
7760
2997
7189
916
6624
2873
145
619
2633
6214
1456
2022
5402
5127
3439
3130
9068
6892
6337
8995
8286
6980
7909
5833
3559
7895
4445
2876
5638
8181
4816
6382
9879
7067
4712
7316
361
8823
4422
6032
4016
8442
745
5345
4690
3691
7301
4245
4435
6211
3005
7145
2562
5109
7833
4271
7655
7514
2953
939
5135
461
8103
1627
9000
1336
2830
5082
8066
8826
7252
4428
6705
4948
9944
1950
8692
534
2780
4620
5370
4622
1036
9593
2276
3972
1466
6903
2417
64
953
8895
7528
3854
9016
2503
3056
1900
2009
7801
172
3457
6925
918
358
9695
5882
8457
3897
2100
1112
9111
734
3136
5980
3826
1231
4893
7489
458
2342
8549
2667
8771
8565
47
8731
6696
6268
3524
9239
4589
8480
1117
4178
5526
7681
9499
4327
9680
5507
4658
2561
4264
4448
7103
5463
2358
3813
8292
739
4206
2006
7396
3750
5420
247
1248
5998
8359
7505
8531
9185
7495
6288
3702
3972
3243
5781
6218
5196
4265
4395
4626
4683
2
3471
5122
1063
9785
5510
62
8935
6443
354
4238
8789
563
1731
213
190
1478
3198
5228
169
2286
1109
6118
2931
5892
3332
3927
1689
4645
8807
1178
9977
7287
3711
9227
1816
7133
1281
3168
8070
6041
6251
6717
7778
4105
5817
5948
7996
655
4077
3521
9316
9619
3117
5594
2133
6267
8461
1967
298
8534
1099
5799
7989
8487
5449
2811
1027
7982
9021
4759
3610
4296
474
1486
5286
3175
7551
1933
6745
7743
5643
6214
9935
9361
6425
4242
4607
5883
3076
3837
8107
228
5218
9138
9541
6073
3789
7572
6724
6011
3807
6585
8826
9637
4663
4586
9557
4124
8309
4532
2098
8374
5220
7719
6526
9909
5437
807
3370
74
1573
5193
5478
3555
1995
4640
8730
4259
4092
419
9782
4573
6
1138
6002
4106
3525
717
2896
2160
550
9841
4703
1206
6862
1175
2546
332
4973
762
4427
819
8741
2571
408
9065
8808
1807
7139
7196
2976
5759
184
7961
1517
5139
4217
5434
2045
6394
3399
6053
1897
888
2044
3291
215
3962
6948
6772
1211
6065
348
204
5290
9980
8459
6670
5268
5265
1165
927
4097
5629
3463
4589
5776
4818
8054
4753
3064
5245
5345
7757
3958
5011
5231
1638
5451
3956
5739
4108
8392
3841
5990
8900
9558
7492
4864
4517
8644
8925
746
984
4408
2217
3197
8870
5452
5957
3398
9904
9417
3757
8653
6262
1905
2850
7199
1443
6931
6869
1152
8860
2394
6572
6905
162
4918
4505
112
1304
2634
8952
2876
108
9749
5018
8716
5868
8010
9439
7592
4322
3428
725
1987
3178
8692
9137
235
1834
9615
2968
8894
6825
8336
4075
8756
6419
6803
3984
4939
5364
6750
7252
6637
9438
7607
4956
7116
1218
3674
4513
5706
3057
4089
2046
4228
2347
5189
2690
7334
646
9386
4107
7854
7073
6106
3636
4783
6715
7995
2236
4482
3784
7503
4375
8688
4944
8724
9532
7040
2663
121
6041
810
631
7592
3401
3937
6542
2213
9000
4916
9846
6763
3755
7075
2307
3830
4321
9507
249
6196
5243
6471
5475
5566
1005
7458
3561
717
5070
2213
4304
6435
609
73
4398
3291
2768
859
4457
71
3202
976
4583
1177
3378
8509
5506
454
8667
6970
9558
8830
4032
9264
174
9425
8435
7991
5542
9812
827
1627
8043
3967
9876
7911
5807
7188
5514
8699
5672
340
3805
5187
3929
8731
3125
2944
5137
2843
2045
1652
2608
2561
1151
4248
9101
2242
8092
9533
5493
6746
8453
2105
5728
6342
6800
5160
6193
3308
6996
9057
7918
5657
1516
7781
3431
4192
7929
1037
5016
2989
3084
7398
9417
1624
7653
3792
8120
5036
9154
9683
8280
4971
4835
1134
8724
6418
4744
7874
8548
7460
949
5034
1891
7923
8608
5734
4634
2084
4101
4263
1836
4978
6802
8187
7318
8941
8993
5222
2073
1139
3419
5433
439
9391
8446
2054
1414
9612
2007
3149
7483
3240
7930
3666
7296
7095
5113
334
1577
8147
6943
8737
4310
3319
2623
7635
3025
5625
4690
3174
9678
2982
7754
5481
1100
1724
8291
7148
1100
4288
3720
7945
4886
8043
399
5451
5889
8017
7241
1862
3032
7060
1481
9957
379
6379
1253
6970
5160
7854
1428
6130
1903
8677
808
5250
1464
188
9683
8474
6621
6830
8979
5676
3803
9624
1531
8493
7872
9351
4665
5560
1615
2793
3263
4543
6691
2706
5173
6535
1520
9452
5758
4442
7298
2458
1331
5415
4665
7535
6380
2641
1900
5476
9552
5427
8582
9852
8048
317
3324
5255
8226
7772
348
8730
3210
620
7669
346
1760
1460
1167
2075
3667
9812
157
8640
6572
1606
6102
2251
9700
4861
4771
1175
3374
1410
6408
689
9415
6991
1738
557
4392
6619
5671
5454
5443
7553
8028
8710
4469
7289
9762
9596
8473
5918
8005
5509
5709
2018
8255
5979
923
9897
5438
5686
883
7210
9267
1580
6057
236
8624
1503
6579
256
4249
4224
1893
3852
1235
6581
3835
3455
8972
9538
8213
3708
5455
8603
7743
4531
7619
3556
2649
3248
4954
9141
9122
7350
1008
6142
8000
9370
9118
6719
5821
9426
7462
3298
8259
5322
5306
2871
1469
162
6230
8377
8566
8135
9813
9355
9335
2122
9126
8449
9489
7787
3356
4750
6482
6585
7209
1159
9556
2428
8084
5085
2064
7480
8373
6655
1435
4875
9724
8356
1427
7162
4579
295
1796
716
4649
3426
8304
4222
9677
2880
1289
1383
1282
9929
4786
8637
5060
9945
6061
7084
8191
8931
1227
3801
7188
1241
9108
1699
6076
9114
7029
8547
3396
2844
758
9032
490
5272
3827
8852
3856
6936
2795
8186
6222
6186
4494
7956
461
7497
63
8885
8741
2274
7810
7879
8622
2533
5761
3888
9494
2601
8394
5659
7944
4533
1960
6670
8556
5942
3959
5333
3486
7554
5576
398
8527
860
722
2981
5230
203
8262
3784
1892
5500
7441
2194
3907
642
5849
1728
8330
677
1535
6846
1204
9495
2196
2538
915
545
5080
4110
6093
7900
9372
785
8857
2862
4750
4775
7511
7970
1812
3727
965
8153
8594
2694
1105
3707
987
2142
9621
833
7974
3180
6568
4389
8918
3132
215
8821
9425
5288
3701
4924
2546
9525
711
4266
9168
2830
898
3158
1052
2147
254
3913
7598
9862
8381
1912
6670
5396
1601
8855
2375
8082
380
5295
2759
9273
7480
8781
8012
2001
8282
9416
2106
857
5388
7473
8221
608
1603
8714
3101
4020
1258
6663
3744
373
5309
3416
5212
9363
6576
348
2310
8750
5109
9508
6273
7713
3403
389
7733
2137
5171
3507
6018
5182
3135
1542
5425
2568
8579
4804
3598
2964
9638
4679
9244
6240
9943
1247
6338
9813
4813
5965
6044
8734
7325
4748
2510
3142
6461
4725
4537
9070
1477
3059
9519
3041
8423
86
790
4262
2436
8806
8747
1820
3958
1226
5364
8612
9351
569
7622
7042
8332
9974
3347
4668
7434
5106
902
5616
7899
7762
5872
59
3536
2011
3084
1766
5438
3124
5974
622
4210
1086
8010
4633
7935
2983
4625
2966
5865
2957
5266
9086
2795
8966
2908
1425
1427
6694
2197
6371
4392
8411
858
6928
9104
3960
1380
5146
8175
7492
5084
4452
9061
7330
9166
7140
601
9649
4785
7813
6015
8445
4348
6783
6707
591
2301
617
1627
9236
6029
3486
9984
7984
2415
807
6602
3247
9957
1786
7736
5066
1144
70
4969
6277
247
2421
2759
922
6939
6966
1278
7564
9517
6521
3967
2308
4299
8243
6347
7949
2200
8906
472
2953
1141
2577
7818
849
1842
5084
5366
5864
9385
3332
1468
6704
9753
1564
1306
464
1535
4301
7321
6593
5332
8875
4119
7195
9802
8227
8673
8057
3462
456
7597
4342
4984
968
8049
30
7390
1871
8785
4992
3126
642
6282
4026
9725
2506
1321
8836
9950
2663
3234
9242
2001
5959
4291
2465
9871
3108
9226
4737
3309
7365
5013
326
4393
5763
7592
6791
5519
4845
7225
6530
2707
4185
1013
113
3010
6326
9981
6743
3003
6292
2047
7298
6502
3854
5033
7184
2727
1582
4118
7303
3878
2950
194
5296
4507
5974
3344
4396
7182
4765
4213
6277
3115
114
9624
6264
3636
2610
1169
9407
3544
7045
345
733
1957
3627
5615
8139
7070
6974
5487
9863
1476
2489
1264
3267
8832
451
1156
9747
5821
3048
1854
7507
5232
5692
7213
1253
103
1943
8045
2817
459
6459
3883
8894
9394
7955
5464
7531
8638
7735
4557
3344
2840
7855
3898
6068
837
519
8316
11
9799
1685
6290
4505
1533
5819
413
9165
2483
4942
1820
4456
2245
4200
3742
7934
2490
7547
8304
4924
8332
1214
1996
7296
6565
3068
3489
3796
2952
9699
4045
5308
2345
2919
9613
8955
9005
6347
7109
3831
5626
6078
6572
7645
6747
6124
3438
4277
8829
1132
856
9285
9838
6399
6343
4822
4286
7577
2897
4351
755
1221
1301
3900
1971
8602
6137
7061
6892
2493
9324
7156
5618
1526
5364
5097
9349
8493
7927
3296
6775
3720
5328
3868
5102
8682
9644
2193
8483
5285
8768
1342
8412
6959
6108
826
1850
2181
1586
6859
1680
867
8757
4734
1389
1276
5081
9370
2126
5602
1211
4632
5103
4105
9266
1144
1256
1641
2179
8396
3138
1224
6459
5650
9158
1720
4509
690
3676
4947
5053
3531
4940
3075
5381
6766
6525
323
918
1760
1974
4644
9730
8716
8743
5892
6313
3331
365
5113
7451
1623
4307
3306
4007
4079
1161
1537
2114
7069
7647
434
737
6713
5373
3979
7995
8553
7368
655
3372
5642
4811
9162
7300
5205
6103
4909
335
6489
2609
2763
3824
8980
7934
9625
5198
3490
66
4251
3186
2871
5893
9511
8728
8608
4265
2658
3797
7722
2532
3821
1164
4200
4454
6985
5188
8555
549
8017
753
5559
433
6406
9335
8206
2642
1099
4343
147
968
2516
5762
6754
3891
1342
4766
27
4957
6387
6330
3481
9492
9677
2650
6265
2535
3935
8893
2529
5295
2799
9489
6451
7656
1955
2872
4269
1924
5479
4039
9471
1109
5320
1620
4881
3420
6028
9422
6389
1998
6442
117
2015
3436
56
7213
9109
9897
9586
6225
5455
8169
7610
5205
2944
6110
3890
4205
8626
5374
7450
2789
1645
602
7670
570
7736
6093
9231
5430
1249
8115
3240
8232
7483
363
6682
6624
2316
7505
5471
3395
7686
2003
7691
1440
7490
1866
2581
3666
852
446
712
9290
5010
1644
4512
9092
8414
6050
3176
7758
1926
5486
4703
1699
2355
9667
7496
41
7317
7725
4018
1735
967
4378
2239
5867
3932
7740
3934
4562
1367
3544
6401
303
9639
3074
184
6283
3093
2891
449
4742
9374
4869
5779
4967
1394
9483
4903
6214
253
1253
2934
2607
9630
9293
4810
2687
824
7309
8719
5582
6689
4714
3028
9872
1049
3059
9530
5079
7018
1125
806
8950
2077
6674
4275
8796
3979
3016
413
6005
2875
9071
6971
868
9503
9446
9108
3024
8646
5661
4665
8176
2553
1854
1844
6488
7738
283
6550
7677
6919
6444
8359
3830
3498
9078
1250
8179
5185
9594
5504
3348
6037
7997
5565
6276
8214
472
2598
4237
3885
8343
578
7459
138
8906
1169
9032
1066
7861
1849
3562
6710
5762
4774
9940
555
9070
3387
5117
9084
1955
7940
8520
1147
8094
400
8066
3848
2594
4764
8570
3585
1435
2229
2602
9887
2775
1568
2915
2846
148
4069
1863
2381
4733
9574
7498
7910
3382
2403
8017
2765
9414
3474
4828
9997
6467
5620
8218
3635
5091
2141
9865
5692
5914
9815
8807
3832
6868
8154
945
8633
3545
152
604
2147
7019
7906
4416
5138
8641
202
8906
3418
9188
3874
9303
8428
2000
3378
4806
6291
829
8433
4784
7580
6911
8803
9633
7757
4195
8616
1094
9775
485
3717
1931
2304
5854
3246
4907
8121
9916
6353
3776
809
9031
7608
2377
477
3594
3506
8458
1509
127
1392
2623
9663
1362
4562
6912
691
4794
9780
7981
3573
7837
6320
7448
4401
8739
91
687
3323
2339
5623
1387
3630
9308
2470
8866
1250
6355
7824
8876
2480
9170
5264
840
9623
2796
9933
4741
4595
7458
4568
9016
7325
6722
8798
1747
4821
7884
2668
8993
7671
4154
3616
2202
6677
1507
9395
7643
9048
2071
5351
5645
1269
4209
5259
9865
6595
4806
8163
6304
6732
4068
4678
8356
5080
5549
6102
9944
7768
693
433
4923
8344
8143
4095
8546
2330
893
3635
2063
1471
7590
8186
3978
3449
413
6084
272
9287
7995
5495
8042
4174
7386
1728
5562
793
8890
9171
1281
5811
287
9642
702
4565
4963
4816
1917
746
3979
4617
4825
7854
9034
5035
4904
5076
5122
8558
5765
8588
4087
839
4948
7492
1793
7123
8991
2497
9593
8244
7035
3719
677
9903
191
3653
5937
9004
6610
3043
7443
8581
106
6819
1075
249
641
9632
1636
5766
2538
4281
8731
6266
6848
6753
7871
5972
5113
3908
9584
5742
7021
6316
526
4874
1524
9544
9263
1598
1351
2662
4552
4053
315
6967
7304
3572
2305
3992
6466
4532
5875
7582
8347
4569
9589
1239
7920
1588
9785
6565
5036
3362
127
4964
5839
3312
1359
3255
4303
8869
694
8962
1507
4854
2640
2213
2212
2575
740
898
5901
8000
9808
206
2845
554
2320
9507
7595
7746
1614
2155
4811
783
7614
7940
114
6751
6141
3223
4362
8644
8867
4935
4237
2221
9670
2279
7915
5226
7829
2200
3268
7813
6442
2950
1797
2393
6857
4608
7178
3758
5742
8240
6875
6479
308
8551
4731
3042
4379
4526
9670
1211
8502
3293
8590
8507
2071
5385
7060
2493
9367
9646
6379
7754
9363
5198
2218
9850
3969
6393
6066
8288
7067
5252
3535
2784
3233
2951
2947
7629
9134
6004
3096
4861
6481
878
437
4308
9328
7251
6579
8494
1576
4574
6319
6999
1762
5135
2554
3374
5679
1646
4898
756
3003
3864
8386
857
8965
1991
542
9289
275
5711
5163
8482
9400
2525
6128
5662
8208
5677
263
5080
4976
1582
9302
3877
2213
7847
1996
1506
6029
9685
4379
6964
8735
8216
4237
1044
4907
1106
5891
924
4373
9949
2170
3583
6978
3928
7422
2220
3668
4892
3559
6024
5836
3886
9179
3338
5855
4836
8597
5118
6624
6529
2061
7828
5516
4381
5098
2749
7338
6452
4704
2664
180
6275
3796
9428
9342
2553
6507
3305
3920
6833
6752
8130
8443
5718
1254
442
1138
3867
4632
5501
9284
1103
1836
9809
8978
2341
1072
3154
3676
8555
5072
550
2626
350
1326
5869
2062
2524
7494
9795
1771
7804
5513
9824
2144
2527
8646
7240
2932
6205
2737
1764
4538
5120
2795
65
8897
8233
2632
3208
3211
3151
4467
319
292
4445
3805
4083
5959
1997
2969
8039
6398
1575
1977
9418
4901
495
3362
6071
5235
4700
1614
1145
128
3871
260
1645
9734
3677
494
9806
7753
3191
886
8259
1597
8982
7752
595
6831
4362
2869
5679
9126
2203
2778
2061
9464
9772
8430
5609
7417
9131
3243
6360
2252
3492
1340
3467
2013
3040
4371
8087
2739
9840
9977
7746
3667
3885
2574
2308
4222
3848
1327
7682
7668
4237
5462
6656
5309
6326
3079
9159
754
8119
7149
3919
6211
2540
3244
1546
7963
9385
2192
4347
986
3601
6795
1986
7657
4061
5179
1695
442
2376
5463
9394
6806
4003
2336
7603
6963
6406
6600
6176
4814
4435
8904
3929
2042
2991
6790
6218
9116
5839
1427
3466
4745
7066
3619
6465
4730
7299
2320
7298
9122
5987
9005
4633
4572
1106
4267
9907
4853
253
10
4174
5131
9573
9814
3263
4370
9513
2741
4092
2323
1983
5377
5374
4303
5353
8112
4626
1271
608
8327
4282
7907
564
6019
1908
9503
9309
2705
5730
7938
4319
316
3255
6821
8380
9988
5858
5872
196
6641
6653
8621
3631
4380
7512
5469
5512
7157
6361
8391
1450
3017
2733
2486
1980
7034
6945
1300
2891
7320
6418
532
9398
6903
4351
7806
6611
1133
7526
8239
3402
6074
173
5067
9155
5093
3253
2984
7560
5675
5271
7847
3089
6550
2915
3896
5965
8617
30
6744
7067
5373
4314
7950
6666
7973
4198
6521
181
7756
1658
3648
3899
3202
4757
9947
4566
4402
9692
792
4228
5459
8413
3576
2795
9121
9740
8746
1018
5740
9373
4110
5586
3927
3847
1240
1301
1936
7080
5764
2858
9614
4419
5879
5938
1023
8525
647
8907
2490
4347
4178
2664
3275
4706
2232
9730
7443
6463
4579
4576
2171
6649
8128
4569
4913
7636
7560
697
4430
3239
2181
4335
8162
8350
9282
2294
4738
7586
2168
1458
2513
9191
4923
8813
2712
2504
9457
8343
3194
8194
8823
3991
2158
139
7329
2406
6924
8906
9148
6861
7110
9116
6417
9689
3175
1892
762
3675
4630
5888
6302
4215
1922
1061
6759
2142
3134
7447
5820
4680
7567
3115
1582
7002
5308
5454
935
4145
7503
6428
7334
184
4533
9362
6172
2389
1736
1824
2315
1645
2439
1883
3486
5472
8280
9869
3315
9171
4555
2311
1689
6855
8460
4846
4930
8010
6811
1225
2317
3633
3596
4098
884
7580
1970
6847
6388
3483
9692
7232
3175
8640
171
706
5730
4557
8460
8838
9073
3252
2534
2696
8390
4082
3419
4339
9813
238
8578
9191
2507
9175
6909
6406
9263
4518
2967
8776
8250
3175
6241
8380
580
5637
8551
2648
7972
6875
9822
1190
4755
3216
5525
5386
5499
628
2075
742
5637
6093
2849
4323
1392
120
4057
1165
4198
5736
4939
5289
621
3794
701
8289
5155
3908
6876
1105
9969
9115
7516
2106
7640
659
2991
7815
9546
8302
3101
2538
4994
5759
4428
5954
3243
8922
7563
1708
2070
5706
9379
2734
6202
4106
9061
3750
5806
7589
5546
9573
7288
7306
9416
6365
139
2885
5859
7764
3122
2126
8324
8051
9711
9943
8497
8221
7088
5589
1084
5355
3630
637
6507
9884
5873
5785
7233
735
9466
5097
4288
6686
8727
3839
8025
1381
3612
9145
7282
2995
507
8366
4566
8100
3970
8726
8866
5239
3800
76
6758
9812
6118
663
1160
8656
3531
3561
1709
2738
5697
4718
6814
9129
3590
9879
9896
5018
3701
51
2326
2456
5209
3277
8775
2051
8235
1439
5535
9118
8217
1718
1842
2785
7617
5213
4010
7766
9706
419
7022
5476
6365
9988
188
7788
2137
3844
6927
8535
5026
3672
3699
8076
6151
9576
8157
1711
6899
7432
774
1322
3379
9909
9553
2821
8101
7658
3371
9485
7248
5628
7993
7237
7301
6144
7809
6796
8541
5164
424
8835
2568
1178
3203
2151
7047
6080
9008
7549
1982
4048
6384
2689
2381
1276
8074
368
2247
9824
4569
6127
2239
6082
6056
6488
7237
9217
7037
8823
2737
6116
967
6794
8254
4239
5205
1666
9097
3771
7142
2045
8868
7387
2884
4170
8876
539
8256
2581
9923
8696
6651
1140
2611
2605
9571
5255
9676
9462
3334
8847
4662
2048
5554
8023
1734
6555
4868
440
511
4849
944
6002
3139
3225
1658
8458
5488
9439
9592
5235
5175
9514
5711
8098
9786
1682
4045
4444
3106
4298
3186
9214
4484
8747
6844
4396
4239
5226
7751
6109
6360
8623
1965
423
8289
2437
3207
1375
5718
9090
1673
9545
9839
2948
871
2377
3446
7695
2475
5409
6542
8039
5737
9354
5737
7079
2449
5291
5588
4138
1492
570
9761
1787
2736
9765
7431
5908
2171
5667
1546
8515
2299
394
7155
5400
3855
4085
4741
2344
753
1299
2102
9669
1283
2976
2495
6952
1700
2268
2915
9478
5675
1739
5300
7284
3966
267
3454
9152
3905
7765
76
5320
6976
907
5667
5808
8703
1463
7552
9431
2003
7305
2950
179
560
9747
3066
5596
7592
7370
9623
5536
1887
8884
1275
5884
5000
8296
6104
5236
7946
27
8611
7769
8796
7984
2551
3759
4248
1988
2694
2673
7049
7201
9297
2781
2144
8679
3840
6704
450
4898
41
2835
4318
7080
3039
6188
7582
3310
1349
4698
9156
4740
4426
1518
619
2168
8977
9408
9071
2698
9699
2247
7663
830
7162
179
8075
5571
466
9284
6121
6719
6777
3473
7516
6864
2081
80
1132
3608
1426
8027
4217
7115
1418
5765
2069
3151
9977
4902
1206
7429
2198
3015
6106
5284
5211
5204
515
7838
5098
3039
2917
2281
1619
609
7214
9297
7795
2032
9329
8785
1693
4363
7475
1895
6822
6612
3795
5529
6531
2062
6949
6777
6593
526
9397
945
1867
5501
5465
6167
2161
6246
2203
1531
8326
7683
1749
2630
3503
5264
3465
86
9134
6751
3294
4896
4047
4386
5784
4007
9746
4725
4044
3724
2251
1902
3006
4675
3637
8529
1220
4890
657
8307
464
4532
6421
7431
4173
6942
6837
2490
7445
3286
3817
9635
1364
9585
9495
249
597
7542
5713
1243
6651
8200
4011
570
5849
9484
7783
1861
6072
3093
8591
6610
1745
3261
3895
6200
1890
685
4210
2009
1328
3321
5822
6207
2368
1419
9300
572
1635
8582
9567
2865
4414
28
3651
5225
6907
6127
3402
5581
9812
8911
6921
6139
3432
372
8249
5714
9915
6014
8221
7322
7502
3259
7731
2773
1294
5439
360
193
2554
3901
4510
4597
6026
9479
2952
4503
3945
1566
431
471
72
3822
5421
3002
3286
7190
4279
6939
1800
8631
5624
7365
4963
7688
3790
7185
5320
3906
4353
4837
5954
2476
6843
7313
4024
4824
4316
3848
2256
2576
8651
3718
4787
579
6374
9939
2561
7097
1984
874
6500
1258
3872
5559
3329
1374
3932
247
5437
4823
645
8944
7532
6882
7239
4796
9831
8784
4507
4985
7262
7446
5451
2027
6249
7615
2317
68
3006
9741
3062
997
2719
4489
4636
607
6306
5553
7727
3611
1035
5838
4500
1912
551
6955
5740
9064
5194
2182
1646
341
9881
3447
3432
5047
6830
9637
7246
1402
9942
8174
5570
4357
3493
4583
4870
3273
9945
9572
2729
4182
7268
8305
4736
4548
8142
7974
4172
1326
9508
1364
1479
7878
7254
5958
4064
7401
6078
6551
6719
2769
4364
4066
8657
7610
3979
1068
9002
2651
8584
1845
6000
6647
5049
8541
118
9967
1850
4231
861
7709
8600
8156
2282
8024
3803
8128
2599
7997
2400
1110
5707
1698
307
3529
2144
3207
2926
3228
5354
3658
4174
7057
5384
8941
3302
7775
1511
7568
2691
5064
9132
3004
6402
880
6339
148
6479
9671
677
4999
116
8533
2277
7305
6771
5281
8364
1513
1696
9465
3786
9502
8996
3349
9577
3776
3217
4026
3525
9666
1886
7579
1938
2943
3835
1747
3648
4800
7886
3495
1723
2870
4177
2392
3575
5061
1403
1640
9760
4389
8564
74
2113
7767
1859
1053
1662
3372
1461
3073
6634
7764
5320
8458
4901
896
9491
616
3633
8701
3482
9334
6456
3258
8178
7148
9843
4076
4874
4213
7845
1981
8825
7502
3251
8342
4786
4953
6253
9094
5091
38
913
1570
3919
309
7062
5440
1945
696
3429
6441
9041
5096
3908
5476
5436
7287
9209
5202
4231
5919
4250
6028
4033
3675
4671
3027
3325
592
2181
5267
5349
1070
3485
4156
2049
364
8247
2942
4967
9948
7937
9686
249
3359
8760
4038
8451
4574
6366
2552
9861
2843
6694
1593
9919
2833
7188
5199
1703
8570
4301
6207
1010
1368
9524
8838
6125
6494
9899
8900
8429
2855
9613
3415
4597
9383
2206
5580
3746
6141
6570
4159
7153
1376
3974
2090
7900
4508
1548
5423
8048
4202
7141
3473
1599
3979
5076
5652
8384
944
5733
1168
616
1610
1491
2536
4105
8652
8531
4039
9245
3326
307
1285
1408
7036
8008
3110
8778
3096
7545
2667
4901
6067
4272
8221
4042
8481
7566
9944
3481
174
9364
1274
5184
7080
866
9754
9556
2916
4928
5157
9533
6213
7999
5929
6335
5399
9837
5246
9684
6583
5229
7656
2645
6375
5661
7404
517
2987
2961
9312
2870
4182
808
3667
363
9329
8685
9981
5763
1803
7204
2391
3167
1711
5598
9428
308
8433
8764
1359
5794
3893
4719
5789
5792
9490
3850
7199
3219
1616
6356
7411
9109
6330
8203
5774
4871
8463
3462
4555
8822
2324
274
2960
4641
6838
7663
3814
6961
2525
3719
1359
7801
3551
5578
5040
4042
4693
8835
7678
6902
3129
9606
832
6056
3225
9816
5579
2530
2952
533
9614
3117
8105
5580
7436
4646
7791
1344
4591
3975
1024
5766
5190
3866
1672
2987
2382
5150
4053
8673
9364
7319
792
9574
872
1217
9674
4191
4304
8925
9266
6892
7897
7062
9378
6239
8807
4892
5089
6473
1022
9691
4625
5592
9890
208
7246
4514
6136
4207
3427
8763
3243
9036
1977
9200
4078
9432
646
4322
6216
680
1171
1406
1144
8442
6301
108
3155
4897
3007
1380
4051
7380
7311
2829
7080
8899
3168
3213
8946
2784
7503
6852
9715
8109
7720
6951
8598
1409
446
7864
3434
3549
8423
7591
7518
2974
6553
1214
4220
1673
5614
9632
7516
2503
9016
6089
4798
395
8045
4442
7726
5781
6992
3407
1111
9634
9843
8174
3711
9279
117
5498
6135
3510
6545
1174
8292
8323
863
3648
8279
4996
3948
2935
8143
5668
1958
9985
1801
5959
1212
8349
1032
7980
4859
9589
3991
3946
9973
8099
5575
7171
1725
7447
8436
4906
3333
1552
6642
3474
8394
4499
8772
114
6925
3686
3550
907
1541
4880
1538
2341
221
6691
7991
1836
890
2242
3494
9573
6775
9809
1109
852
504
3327
2470
3515
2146
827
5832
6280
8421
7567
7377
7012
5153
2808
15
2400
8031
6228
636
6210
7855
1152
7287
9126
5720
9015
9864
9279
8637
6782
5850
9082
1376
737
2596
4210
4601
8057
9046
3330
2947
6152
4878
6987
4783
842
2878
4364
4074
3811
9799
3829
7991
8071
3176
4295
2023
456
4226
6566
6367
5695
7834
1924
6064
9463
2242
2694
6048
2634
1492
9820
8901
2594
9240
6813
4005
3641
9628
4672
1714
4632
3035
1239
776
7429
7147
6501
3881
241
7087
5993
264
5801
7110
8229
311
1645
3733
7029
758
8510
9372
2991
839
7277
6342
8034
8877
3153
864
2164
8533
7201
6704
5121
3968
7542
2087
2386
4016
2162
672
1271
6577
9148
9673
6607
7679
5230
5165
7641
6367
2805
2152
3725
5673
9671
339
7613
9700
3506
5873
3715
7646
2219
3767
1615
2008
3992
3812
5492
9029
4859
3168
9615
7503
5791
9677
8804
1447
2618
874
9074
3213
7298
2743
2175
671
4376
9559
7602
3578
6833
1580
8581
9714
6949
9442
306
126
9606
1490
7501
5375
9015
2613
5970
6740
520
4293
7215
7699
6110
8904
8347
4984
9318
9955
5464
2223
6991
8152
957
2741
2639
4176
5850
7302
3600
6982
6896
2263
2598
8288
77
328
4357
3395
4022
1703
9892
6351
2529
4634
7005
9619
4234
7996
1542
30
261
8214
6853
2264
8398
8380
2986
7636
8514
9859
5530
7720
4334
6280
698
2322
8459
2868
962
5444
5640
1850
8432
9384
768
7831
596
8765
8319
3228
5214
8238
5102
9082
662
8016
8451
8434
8130
1351
5981
956
7242
5400
340
8294
8832
8023
5239
2543
759
1325
3535
3803
4110
5075
3135
1672
314
8126
3398
4610
947
170
2448
8671
9322
6401
8680
7843
9062
5047
8522
2235
1036
9713
8960
7237
2326
4152
9226
5167
2818
1889
5881
55
3699
6394
7945
8547
6659
4769
1467
6777
3568
6754
2824
1475
3422
6557
8689
2744
1027
677
5398
667
5605
9661
7746
7081
8889
6204
9436
4909
581
4813
7224
2976
9724
1261
5365
2027
7006
2729
2641
3051
1837
3765
2314
2401
2988
7152
4193
7964
573
7806
327
2768
3477
2788
27
6317
7036
8374
2644
7647
7570
3339
9149
5165
4652
594
2456
8602
5264
5044
8582
2874
7466
1070
1425
2881
2123
3312
5607
5062
3598
14
1156
1907
4058
5888
3467
116
3525
5655
6295
9626
2259
4117
7044
4353
9989
1338
5577
5097
3353
6354
9370
2576
7403
4398
1194
3406
7351
8341
8885
4635
5031
2836
1410
1604
1618
9551
3033
6190
8688
4374
4393
4308
1430
5318
5385
7892
2263
8116
7768
5571
1346
138
4416
1556
2746
5905
8953
3129
3921
1061
8194
3668
8561
5734
8826
1591
6172
4134
2777
8517
7985
5880
6431
2093
1797
3130
9786
6609
8153
2850
4257
7817
8401
4286
9130
7166
2105
5173
2907
102
513
3014
228
4803
9234
1567
3847
6271
7098
8166
1025
9581
9037
124
4225
4621
2684
2675
3576
8881
2384
3686
886
2097
2230
1313
3079
630
573
1990
3332
3783
5212
60
8138
6204
2575
1404
6558
375
8404
1406
7059
9910
9398
5317
4380
9927
7687
1643
6489
1370
9715
4976
9937
9778
3407
3586
3189
8101
1276
6786
9005
1375
472
2458
8681
689
3093
1905
1742
5484
9354
6419
6347
206
9908
5769
2152
1202
8902
4071
2793
6322
307
3921
3217
4633
3833
9982
2737
5914
8388
1327
9769
2870
4293
6801
6321
2346
3454
8761
9418
7491
8065
818
7511
1572
3539
8186
5914
5903
1524
2075
3172
8993
9506
5864
7296
1528
6641
5124
1377
8632
7811
4141
1953
6847
3954
3738
4531
5206
1907
1377
3446
758
9573
5879
7703
2831
3426
5406
5050
5767
638
9528
6676
1370
8034
7414
5958
1056
724
6560
9132
6431
8096
9661
4507
7506
5658
5198
4929
4781
5831
3131
6627
2586
1200
7246
8727
1244
311
6504
353
2139
1036
5192
8096
1120
7641
997
6337
1273
2479
2233
5291
8394
5011
2605
4647
1276
3160
9932
9575
465
9970
5656
8527
5511
6371
2840
1978
2280
1534
3290
5761
6291
5456
3744
2053
760
4627
7212
413
4189
8255
3879
6509
9397
4161
375
8999
5428
8397
7858
3845
3362
5869
4017
895
9057
7868
7936
1744
8940
2268
6823
6922
1802
4243
8342
5619
1564
9112
4384
5890
3967
4388
5611
4168
8138
7190
2412
3088
636
415
501
1675
2256
5182
6314
5767
5657
1037
6736
954
8623
7534
5129
2437
4321
6237
1744
7729
3467
979
1628
5064
4885
8573
8901
2266
2052
8178
4792
9954
9198
4923
2839
9201
3323
8586
1792
7984
6790
9400
1642
8372
72
9820
9932
7304
2662
466
8986
4215
9592
2013
4138
3481
7865
9619
738
7934
2564
1583
2930
8602
9871
5932
7035
5057
4944
75
8717
99
7629
6864
6515
8651
7679
1185
8138
5437
8251
5815
6608
4694
8167
966
3268
3300
4664
4418
678
541
2221
1436
9693
6462
5147
7387
7052
7930
9799
1151
2638
4894
216
1155
2598
9745
2174
9746
7944
7986
3398
9980
8256
5412
6810
2201
8043
1651
1855
6324
6900
2083
7409
5029
4723
1056
7067
3382
9886
5129
398
9168
5610
6739
5826
6279
8929
8898
3343
4905
2675
8396
6065
1845
9795
6513
4128
1354
2567
9626
3116
7585
5502
7721
7566
8538
1295
9576
3338
3264
5842
3888
2953
4250
7022
706
2168
3052
8526
7814
235
7200
5844
9891
1923
6547
3992
3169
9948
2727
2410
2102
4610
4311
4073
8374
3532
717
2931
8161
5735
7077
7830
5925
8223
3927
2996
8330
3728
3782
2267
44
1561
9004
1030
3913
530
1862
2753
2262
5000
6076
3781
9891
2145
5185
54
9910
4720
1096
9158
3234
5912
856
3581
7699
1761
2280
8896
1169
8855
4583
6272
519
9491
6790
6282
3287
3113
2742
2004
6755
4713
7416
979
2631
6867
5361
7794
110
4928
122
5441
8955
9710
4587
833
6971
847
3542
6531
3481
4325
4687
234
3716
408
4866
5550
6868
3088
4368
208
2219
7872
5961
8568
5636
54
68
3517
7995
1501
5038
701
7637
2945
2170
4860
3373
6983
9388
3756
1110
7149
5030
2447
4818
6961
3048
5928
4205
6796
897
1228
513
1949
9274
1458
4823
7144
9942
1085
2563
5111
471
5352
9929
5818
5072
2727
356
287
7209
6112
9713
2052
7831
7234
8747
6777
904
2601
1606
1071
381
2546
5659
7691
4431
7874
2516
262
2740
7463
965
6455
2435
8218
764
5688
91
1647
4923
4696
9825
7189
8642
8857
1132
1869
5152
7809
3426
5686
2998
9916
4028
1413
6682
3036
1811
6784
4529
8674
2817
7296
9280
7245
2921
5741
1436
4612
1834
2511
1877
9551
3479
4577
4369
6810
6200
9711
3048
298
4549
3021
6407
2135
5402
4483
5822
8460
5405
6592
8257
9510
7032
4006
1912
8761
685
1086
5791
661
1872
2320
7266
525
2125
4915
5634
9691
9753
1998
760
6410
7968
4552
689
9827
9150
6201
5004
9988
6582
681
2304
6743
3961
7050
9959
2446
1826
2777
742
7572
5775
8557
5767
9969
2079
4051
1350
1681
3035
3013
1641
6925
1013
5101
8597
4245
3410
2577
8593
3765
6431
3039
5720
9524
6569
2487
1126
1208
329
9759
6948
1282
4866
5150
2273
8198
9351
7576
8873
9458
3688
847
1101
1022
679
3071
8069
394
8665
5897
450
5323
3458
4232
860
8648
2420
7395
7925
8882
985
9830
611
2293
6042
985
731
5557
5656
798
449
3542
9290
5304
2605
3213
7291
1888
7188
1410
599
4165
5142
2089
7576
5533
3244
9333
6570
9520
8920
9355
3985
9387
3901
2619
8407
8156
9509
5408
4779
8063
4683
6487
5147
2169
6302
7564
4728
3899
1491
1309
3039
9615
5582
7864
964
336
486
8385
8885
7926
2594
9604
2971
7381
1427
1131
6633
8683
8060
7721
6630
4867
8781
741
9073
1976
7859
9559
5763
965
6636
84
4146
9265
212
6074
3336
9876
9440
4232
9716
938
9972
1879
1880
3314
4154
1746
1657
6912
6274
1279
4770
3887
2787
9769
5286
1036
1365
5535
7931
8949
2555
4195
7897
7586
591
4726
565
8814
2448
2212
4060
2528
1828
8302
258
5659
8711
5522
123
8445
8028
6915
8912
7528
4981
8323
2967
8118
9700
4031
6896
413
7087
7539
5533
6210
1873
4805
5845
2166
5578
3029
9501
1840
4212
9249
4512
8230
5035
1561
6423
6755
1897
8564
6386
1845
9275
1864
9852
1823
3231
7052
839
6346
5156
3377
4793
2756
2442
1448
7060
778
7678
9371
9374
3314
9782
1704
3617
9432
3375
4557
6157
4754
9814
479
9527
3176
3840
2462
2440
3305
5457
4930
5483
153
7160
4511
5366
1328
1457
4588
9940
1764
7152
6269
3977
9989
881
527
1019
3592
5679
7444
6327
2430
7613
2177
494
6969
2732
1159
5488
6789
5550
5832
2229
7521
9194
9845
8966
5111
2695
4697
465
7857
4686
7776
2333
7833
5886
8003
7450
7339
9231
5200
8436
7246
3
1480
1633
6140
3158
4812
1359
1996
4080
8908
1858
1898
6259
44
4436
4269
1211
5447
9027
4988
7418
7174
310
702
443
9909
2238
5902
2081
1640
3560
1977
7090
263
1539
4372
1068
6564
6930
8602
7550
8342
6733
7299
3305
2852
2638
2170
9441
4000
7552
7750
8935
2658
3474
5192
9796
2586
371
6390
2788
4475
7558
1648
6225
5899
2476
1582
9283
8795
8957
5041
8958
977
1314
316
3812
1554
7703
3212
6
3285
949
5061
5811
645
8070
7108
2627
8421
9508
961
5865
4196
7600
1120
854
8868
8456
126
8742
8197
4336
9475
1299
